57344
28642
36866
6147
21277
20485
12297
32780
12301
12302
328365
36884
32939
393238
24921
56262
8220
10269
24608
55329
14371
6181
22566
262186
25607
28716
22573
12334
262191
12754
11272
12338
262195
52444
262197
55352
57
262202
10299
47165
12350
12353
262210
12355
2116
8262
2119
20552
36937
24651
7522
10318
135247
81
14420
4181
87
60772
262159
36958
32867
101
12390
27665
2152
8551
8301
12400
55410
24691
22645
26744
132116
44735
30844
16509
55423
47232
36994
5483
36996
36997
4230
137
37002
47605
61580
12430
16527
26769
8075
45204
7475
2200
9924
8346
133275
6300
159
22689
25615
8359
34984
24745
26794
6315
55666
174
51375
28360
63859
53062
6325
8374
6327
14522
53435
3786
37054
131267
22724
131269
47956
26827
41164
30689
12494
16591
8400
209
210
37076
59605
22742
29049
40788
209956
327899
8412
3450
25820
224
39138
137443
30950
35047
10474
52263
37100
4818
134285
10481
28917
18678
197298
131322
8445
8448
28032
24835
8452
9658
8455
133385
6412
30990
22799
327952
8468
45102
14615
18712
8473
20764
6429
24863
12576
12578
41691
20776
45355
18734
34525
17809
3464
201011
60636
8501
29244
18747
35132
12605
39232
31042
12611
20804
8517
38625
16713
12620
2381
393552
8529
10578
37223
9614
13855
45796
55644
16735
41313
134033
27813
6503
45361
35179
20845
8559
47474
46375
61813
45430
35191
18809
378
9621
262293
19653
50923
41544
64236
31117
20880
31122
55699
29076
29422
31126
31133
48503
14754
8612
12709
31143
6568
12714
25003
7922
20910
41032
49586
7925
6580
27955
63927
132165
37305
45498
25019
262589
12735
20928
8641
12741
133579
55714
2510
8657
41426
2519
45528
6619
14813
45775
2527
56209
35297
197091
47589
45543
8680
45820
12779
133612
20904
29170
6910
35320
8697
55805
61950
134375
4609
28075
8708
4613
46849
262664
55818
2572
45582
55824
262673
25106
12035
14868
6677
43097
55832
45595
8732
4637
58965
2593
43557
23682
4648
553
55850
4651
557
16942
201263
23089
21042
25139
9310
31287
6713
8764
45629
17477
8767
577
23106
26479
55879
19016
31500
23114
4685
23118
45648
37457
53347
262740
4657
132933
55895
133720
55900
19037
4704
262753
6758
35432
4713
6762
23655
2609
23889
15805
13046
8818
199284
4725
12978
42772
2495
49788
4739
4795
45804
2497
55944
55947
25229
4750
6799
23184
12946
4755
6805
2711
4760
4761
4764
4766
45727
4768
23201
4771
4773
4775
197288
12969
4780
29357
12975
17072
8881
47794
4787
4788
197301
51896
18207
17754
701
45758
34803
4800
11071
133830
20257
45768
45769
714
132215
13004
61468
43727
262865
33490
33491
45177
4826
21211
31452
35549
8926
39651
27364
13030
62183
22652
46887
19180
2514
49902
33576
13045
45814
27775
6908
9002
766
59362
36992
47626
17961
11014
262988
812
6922
2828
33922
47887
262928
29555
35612
7642
803
2852
2856
15146
9351
2860
13101
37678
20963
37680
9009
9617
21299
29492
9694
13110
39737
4922
45194
25406
18229
8672
13122
27338
33604
17222
15440
45899
43852
29518
45903
20214
11090
5603
852
12849
855
11096
9049
50010
9051
45916
133982
6866
37468
263009
2914
13156
17253
21351
7016
37693
33650
33651
33652
58599
25462
8681
33657
33659
14828
33662
3303
25472
132602
19331
33668
13189
28481
48858
7049
13194
27800
37342
17625
9116
44869
5009
9121
21412
9125
31655
10396
29614
23473
60339
60725
9145
5050
263327
16202
23487
5056
13249
7106
9155
42927
9158
34977
15305
56268
31334
11215
41937
8966
237
133287
33749
5078
13272
7131
35805
35807
7057
5089
33762
17379
23752
13285
33771
56300
9198
133661
45224
7155
2900
11260
21502
29695
44034
39939
52228
27653
513
9063
23563
9231
13329
10219
27668
31200
2905
27672
11290
24751
9245
9246
43612
61275
52260
52262
15399
7004
5639
27693
27695
16904
27699
9269
13367
17465
13370
3132
31242
17470
1741
9038
28201
11338
17483
28173
17488
132280
33874
9299
52308
58453
17494
44217
9304
27738
17501
719
23647
52320
133648
17506
27747
18278
58470
17511
23657
132203
263276
9329
15474
52341
16814
27768
23674
9340
27773
17534
23679
30999
40065
23944
58500
38022
7303
52361
9354
17547
3212
23693
136334
12310
27792
52369
23700
9365
38040
3225
31898
8047
15516
43205
3790
58601
9381
27814
55836
12042
132267
45117
14877
13489
13490
35699
3255
58552
3257
15547
1213
27839
3265
27843
1221
48326
9416
38091
50384
13170
1237
1239
15576
1241
14543
3292
13536
9443
11492
15589
23783
37611
1257
27882
54574
27884
29933
23791
15600
1267
52468
5408
6697
3320
1273
7418
25853
3326
35029
17665
5378
2603
17670
49025
13576
5385
9431
17676
7438
7725
58640
1299
263444
27925
21782
27927
9498
559
9500
50463
58656
7459
3999
38182
44327
5416
17705
11562
15659
17709
7470
59613
38193
38195
23860
36149
58678
13193
5432
58682
58243
28554
9534
58689
21826
57227
11830
17734
15457
54600
15389
25933
59989
138576
13649
27986
17747
7511
15704
56665
5466
7516
58717
42334
34145
32098
7524
28006
210278
38247
4668
17639
9583
9587
21565
204151
28024
7545
38266
1403
33667
8426
25620
15735
7552
63949
9605
3462
5511
37009
7562
23947
17806
9615
28048
132497
11666
23955
17813
9622
7575
27833
11845
23969
3491
11232
11686
62887
27789
16284
9650
36423
9050
19889
7602
15796
42739
38442
15802
21947
6730
22773
15808
19905
4618
34244
263073
5577
27895
5580
8781
52689
28114
38819
30165
11172
17882
17885
28126
62943
14928
28283
7654
5607
10242
27901
52720
263665
28146
8057
7670
35753
136696
196925
262807
17917
28158
7679
11776
6400
17924
3329
7690
5645
58895
600
134674
11796
32277
50710
15895
18260
15897
18351
42525
22047
7713
21766
11814
11815
25180
28202
6407
13868
42541
3630
43766
28210
24499
17974
38457
7738
28220
9790
38466
12874
22085
15943
26210
3662
18001
18004
41230
15958
48728
58969
28250
27919
3676
24157
46687
9824
28258
28260
9829
7782
28263
5738
27742
28270
11888
7794
7795
132559
262761
9848
24186
1659
38623
18049
55915
28292
40581
28294
5769
16010
24203
26253
51407
28303
1680
9873
28306
38547
9876
28310
3737
4557
42652
18077
7838
35518
18081
132770
7843
38565
38566
28329
7850
38571
9902
13999
28338
9908
18101
28343
32440
18106
28685
8821
32448
42689
30404
11976
52937
9930
11979
47394
18126
132045
28368
3794
16086
11556
9946
15994
45184
16097
14051
52965
18150
34087
3605
7122
20207
18881
14291
24309
59126
37294
9976
14080
12033
27947
24324
18182
50952
63242
48294
40237
10000
10002
5713
14638
18200
10010
27951
59164
10013
22302
20255
16160
18209
12066
10019
14117
7473
14041
55943
10029
10030
16175
17451
12083
10036
28469
52873
7992
19429
1853
6453
12097
53059
24389
9541
198471
53065
51018
14155
2018
12112
12883
18403
22356
51032
42841
10075
18268
28509
53087
32592
10081
14178
16229
38758
31036
18282
22381
10094
6461
8048
36728
59257
1916
24554
28545
35819
10118
25921
30600
50597
1930
2110
22408
12177
45960
5690
38805
262468
132296
28573
2588
10143
9885
15344
1955
28580
6057
6059
42925
3741
12208
53169
14259
26554
139195
20412
32703
203424
7610
12231
14282
24523
57293
28624
42961
45011
34772
8932
58511
8151
34779
12252
34781
6821
45235
27984
12956
137187
8167
10217
6122
25255
32748
6128
198726
18419
14325
28665
28668
28669
8190
{'EU': {'1267', '1241', '2200', '2110', '5511', '719', '559', '1299', '2852', '1853', '553', '137', '1273', '25462', '9002', '6412', '25139', '8346', '1257', '3292'}, 'AF': set(), 'SA': {'35819', '43766', '41426', '35753', '47794', '25019'}, 'AS': {'23657'}, 'NA': {'37009', '36996'}, 'OC': set()}
